013071872584020260700HAPPYPAY S.A.                                                                                                                                                                                           13534101038121111118126003000000000052
022N2008030718789245                    SOFTWARETECH S.R.L.                                         30718789245                                       20260306020000000000000000000000000000000000000000003
03010000151500034903227145                                                  01                                                                                                                                                                                                                              0                                                                                                                                                                                                        000000000000000000000000000000000000000
0501020100000000000000000384258241
060000003100018899782523000004140000
060000003100071881491155000003480000
060000003100043455246182000003350000
060000003100180718571415000002870000
060000003100090767955682000002647000
0502020100000000000000000227153275
060720042788000036285486000005400000
060110521630052111925133000005187000
060000003100017343954208000004932502
060000003100032992670332000004350000
03010000151500034915227153                                                  01                                                                                                                                                                                                                              0                                                                                                                                                                                                        000000000000000000000000000000000000000
0501020100000000000000000439526433
060000003100065069024767000008160000
060000003100035850529917000004260000
060000003100044032231858000003709000
060000003100062284516318000003542000
060000003100037655006376000003160000
060000003100078159617925000003160000
060000003100031887199477000002579800
0502020100000000000000000260158442
060000003100062284516318000021401917
060000003100062634721287000004982000
060140337203637955215136000004504000
060000003100043784424013000004400000
060170267740000007572825000003300000
060000003100094406669736000003203000
060110485530048530693533000002900281
060720156788000024498090000002810000
060000003100090930352995000002562000
03010000151500034927227154                                                  01                                                                                                                                                                                                                              0                                                                                                                                                                                                        000000000000000000000000000000000000000
0501020100000000000000000273525641
060000003100089419874473000016540000
060000003100017343954208000006580100
060000003100042947455835000003700000
0502020100000000000000000253833758
060070151430004023917861000009000000
062850313240095440354558000005486400
060000003100040615156055000004978000
063300599525990942114099000004200000
060000003100081681029809000003400000
063840200500000032531503000003100000
064530000800013240817330000003000000
060000003100085774962044000002900000
060000003100037608676421000002870000
060000003100024183965965000002763123
060000003100084863380323000002755000
060000003100071881491155000002705000
064530000800018350303348000002590000